    0.1010    0.0613    0.0592
    0.0635    0.0722    0.0642
    0.0988    0.0563    0.0671


ap(:,:,2) =

    0.0952    0.0649    0.0563
    0.0714    0.0455    0.0498
    0.0844    0.0433    0.0541