x1 = [4.2908
    4.2098
    4.0495
    3.8338
    3.7698
    3.3150
    2.9102
    2.7230
    2.5618
    2.4053
    2.2620
    2.1395
    2.0273
    1.9073
    1.7921
    1.6757
    1.5721
    1.4644
    1.3634
    1.2505
    2.3004
    1.4400
    1.1329
    1.1202
    1.1074
    1.0998
    1.0859
    1.0939
    1.0868
    1.0718
    1.0527
    1.0311
    1.0110
    0.9971
    0.9866
    0.9743
    0.9617
    0.9502
    0.9397
    0.9293
    1.3161
    0.9210
    0.8841
    0.8559
    0.8251
    0.8022
    0.7801
    0.7585
    0.7407
    0.7203
    0.6965
    0.6734
    0.6517
    0.6319
    0.6148
    0.5982
    0.5778
    0.5589
    0.5424
    0.5234
    0.9594
    0.5200
    0.4935
    0.5333
    0.5186
    0.4704
    0.4265
    0.4017
    0.3959
    0.3828
    0.3658
    0.3471
    0.3283
    0.3105
    0.2984
    0.2880
    0.2740
    0.2611
    0.2505
    0.2361
    0.8608
    0.2274
    0.2230
    0.2344
    0.2145
    0.2012
    0.1872
    0.1661
    0.1566
    0.1448
    0.1334
    0.1273
    0.1188
    0.1144
    0.1130
    0.1000
    0.0914
    0.0860
    0.5939
    0.1574
    0.0854
    0.1100
    0.1148
    0.1033
    0.0827
    0.0622
    0.5868
    0.2041
    0.0702
    0.1011
    0.1028
    0.0983
    0.0775
    0.0512
    0.0490
    0.0646
    0.0641
    0.6766
    0.1269
    0.0362
    0.0925
    0.1069
    0.0892
    0.0600
    0.0329
    0.0565
    0.0589
    0.0487
    0.6437
    0.1188
    0.0832
    0.1622
    0.1441
    0.0882
    0.0355
    0.6205
    0.1500
    0.0321
    0.0306
    0.0394
    0.0430
    0.0424
    0.4629
    0.1509
    0.0392
    0.0328
    0.0321
    0.0478
    0.5781
    0.1462
    0.0915
    0.1572
    0.1488
    0.0943
    0.0455
    0.5494
    0.1232
    0.0493
    0.0846
    0.1093
    0.0722
    0.0451
    0.4112
    0.1007
    0.0479
    0.0730
    0.0754
    0.0566
    0.5005
    0.1252
    0.0596
    0.0711
    0.0766
    0.0667
    0.4780
    0.1767
    0.0774
    0.0666
    0.0810
    0.0746
    0.0636
    0.5094
    0.1822
    0.0873
    0.0879
    0.0846
    0.0744
    0.0660
    0.5552
    0.1560
    0.1884
    0.1496
    0.1301
    0.1080
    0.0806
    0.5276
    0.1737
    0.1200
    0.1214
    0.1193
    0.1029
    0.0872
    0.5958
    0.1822
    0.1128
    0.0949
    0.1122
    0.1065
    0.0918
    0.3468
    0.1401
    0.1000
    0.0984
    0.0938
    0.0925
    0.3984
    0.1464
    0.1229
    0.0976
    0.0915
    0.0917
    0.5265
    0.2471
    0.1304
    0.1288
    0.1228
    0.1094
    0.1108
    0.5576
    0.1960
    0.1292
    0.1424
    0.1290
    0.1184
    0.1128
    0.4764
    0.1705
    0.1469
    0.1187
    0.1254
    0.1266
    0.1221
    0.4322
    0.2055
    0.2006
    0.1898
    0.1538
    0.1353
    0.1237
    0.4992
    0.2044
    0.2001
    0.1522
    0.1388
    0.1376
    0.1374
    0.4783
    0.2180
    0.1916
    0.1471
    0.1515
    0.1512
    0.5014
    0.2032
    0.1746
    0.1812
    0.1603
    0.1420
    0.4329
    0.1911
    0.1853
    0.1599
    0.1614
    0.1497
    0.5190
    0.2282
    0.1848
    0.1904
    0.1771
    0.1640
    0.5182
    0.2016
    0.1738
    0.1752
    0.1740
    0.1672
    0.1628
    0.5851
    0.2452
    0.2708
    0.2468
    0.2015
    0.1931
    0.5804
    0.2629
    0.2126
    0.2495
    0.2308
    0.2071
    0.1983
    0.5240
    0.2516
    0.2505
    0.2389
    0.2124
    0.2128
    0.2096
    0.5755
    0.2607
    0.2691
    0.2549
    0.2373
    0.2303
    0.2259
    0.5794
    0.2944
    0.3235
    0.2640
    0.2460
    0.2419
    0.6309
    0.2992
    0.2561
    0.2578
    0.2698
    0.2534
    0.2378
    0.5442
    0.2785
    0.2726
    0.2671
    0.2602
    0.2519
    0.2495
    0.2420
    0.5203
    0.2909
    0.2822
    0.2760
    0.2665
    0.2631
    0.2484
    0.5100
    0.3091
    0.2862
    0.2757
    0.2796
    0.2720
    0.2630
    0.5534
    0.3112
    0.3335
    0.2960
    0.2719
    0.2673
    0.6952
    0.3143
    0.2837
    0.2721
    0.2780
    0.2820
    0.2747
    0.5842
    0.3672
    0.3662
    0.3407
    0.3028
    0.2871
    0.4882
    0.3840
    0.3301
    0.3140
    0.3196
    0.3025
    0.2871
    0.2846
    0.5677
    0.3570
    0.3143
    0.3185
    0.3104
    0.2998
    0.2947
    0.6064
    0.3390
    0.3209
    0.3279
    0.3286
    0.3157
    0.3001
    0.5452
    0.3469
    0.3316
    0.3293
    0.3314
    0.3196
    0.3071
    0.6309
    0.3972
    0.3657
    0.3585
    0.3500
    0.3413
    0.3324
    0.3267
    0.6518
    0.3902
    0.3815
    0.3949
    0.3873
    0.3633
    0.3406
    0.6557
    0.4527
    0.4608
    0.3874
    0.3699
    0.3627
    0.3531
    0.3447
    0.5866
    0.3603
    0.3571
    0.3432
    0.3413
    0.3407
    0.3398
    0.6601
    0.4014
    0.4355
    0.3999
    0.3756
    0.3621
    0.3461
    0.6362
    0.4076
    0.3789
    0.3935
    0.3971
    0.3839
    0.3643
    0.3514
    0.6724
    0.4090
    0.3999
    0.3852
    0.3793
    0.3761
    0.3707
    0.3674
    0.3672
    0.6430
    0.4518
    0.4252
    0.4135
    0.3911
    0.4067
    0.3943
    0.3897
    0.3833
    0.3772
    0.6625
    0.4249
    0.4045
    0.4145
    0.4105
    0.4044
    0.3938
    0.3835
    0.6992
    0.4326
    0.4295
    0.4100
    0.4035
    0.3908
    0.3829
    0.6891
    0.4441
    0.4119
    0.4174
    0.4226
    0.4066
    0.3923
    0.3918
    0.6859
    0.4351
    0.4508
    0.4297
    0.4110
    0.4041
    0.3980
    0.3992
    0.6995
    0.4426
    0.4483
    0.4273
    0.4115
    0.4065
    0.4052
    0.4059
    0.4046
    0.7021
    0.4792
    0.4726
    0.4652
    0.4413
    0.4426
    0.4305
    0.4265
    0.4205
    0.4102
    0.4063
    0.7418
    0.4609
    0.4331
    0.4271
    0.4285
    0.4202
    0.4161
    0.4138
    0.4106
    0.7191
    0.5195
    0.5125
    0.5107
    0.4752
    0.4500
    0.4353
    0.8117
    0.4768
    0.4871
    0.4690
    0.4607
    0.4487
    0.4405
    0.4370
    0.4372
    0.7496
    0.5544
    0.5451
    0.5096
    0.4846
    0.5013
    0.4925
    0.4739
    0.4652
    0.4680
    0.4538
    0.4503
    0.4541
    0.8375
    0.5044
    0.5000
    0.4738
    0.4623
    0.4715
    0.4705
    0.4638
    0.4567
    0.6996
    0.5043
    0.4945
    0.4971
    0.4772
    0.4765
    0.4635
    0.4591
    0.4647
    0.7569
    0.5074
    0.5147
    0.4881
    0.4810
    0.4755
    0.4687
    0.4638
    0.4668
    0.7691
    0.5295
    0.5527
    0.5138
    0.4805
    0.4715
    0.4703
    0.4723
    0.4721
    0.7881
    0.5259
    0.5061
    0.4906
    0.4827
    0.4783
    0.7867
    0.5376
    0.5354
    0.5194
    0.5159
    0.5109
    0.4936
    0.8022
    0.6186
    0.5990
    0.5580
    0.5505
    0.5297
    0.5174
    0.8401
    0.5863
    0.5745
    0.5605
    0.5488
    0.5389
    0.5324
    0.8043
    0.5829
    0.5799
    0.5835
    0.5599
    0.5432
    0.5345
    0.8695
    0.5899
    0.5783
    0.5705
    0.5573
    0.5536
    0.5480
    0.8401
    0.5802
    0.5836
    0.5766
    0.5656
    0.5569
    0.7747
    0.6099
    0.6218
    0.5954
    0.5774
    0.5714
    0.8675
    0.6296
    0.6067
    0.5925
    0.5884
    0.5727
    0.5668
    0.5590
    0.8572
    0.5972
    0.5852
    0.5746
    0.5719
    0.5714
    0.5655
    0.8801
    0.6660
    0.6578
    0.6287
    0.6226
    0.6049
    0.6000
    0.6035
    0.9039
    0.6317
    0.6276
    0.6165
    0.6076
    0.6010
    0.8309
    0.6501
    0.6452
    0.6350
    0.6388
    0.6298
    0.8326
    0.6519
    0.6483
    0.6406
    0.6353
    0.8521
    0.7034
    0.6831
    0.6659
    0.6523
    0.6446
    0.6382
    0.6362
    0.9002
    0.6901
    0.6810
    0.6854
    0.6772
    0.6748
    0.8995
    0.7090
    0.7017
    0.6859
    0.6802
    0.6733
    0.6636
    0.8993
    0.6823
    0.6837
    0.6771
    0.6717
    0.6675
    0.8962
    0.7029
    0.7039
    0.6960
    0.6870
    0.8789
    0.7371
    0.7344
    0.7118
    0.7045
    0.7000
    0.6896
    0.8940
    0.7200
    0.7210
    0.7102
    0.6978
    0.6905
    0.8975
    0.7538
    0.7551
